Channel ID, Channel Name, Link
UCcHqeJgEjy3EJTyiXANSp6g, ballacid, https://www.youtube.com/channel/UCcHqeJgEjy3EJTyiXANSp6g/
UCdQkGkWu9IOZg3OSe-YR18Q, Dub Techno TV, https://www.youtube.com/channel/UCdQkGkWu9IOZg3OSe-YR18Q/
UC2GK1jS6xrYTh4Xo9qsYSgQ, Gazzz696, https://www.youtube.com/user/Gazzz696/
UC6qQOTx9LuKMC5p2dbjmSRg, HATE, https://www.youtube.com/channel/UC6qQOTx9LuKMC5p2dbjmSRg/
UCwB68WQOCMqnJO2Gx3wqNzQ, Ma Gi, https://www.youtube.com/channel/UCwB68WQOCMqnJO2Gx3wqNzQ/
UCHDpIe2xSMBeNjrOcGRlZIg, Acidalia, https://www.youtube.com/channel/UCHDpIe2xSMBeNjrOcGRlZIg/
UCgSC4NFr_xwN-lBfBbLqprw, Novaj 新し, https://www.youtube.com/channel/UCgSC4NFr_xwN-lBfBbLqprw/
UCB4w8ZgPRod0Glvy9Ok7-ZA, Shall Not Fade, https://www.youtube.com/channel/UCB4w8ZgPRod0Glvy9Ok7-ZA/
UCc_QM6hYxfbS5S3l4FuFqKg, UKGARAGECLASSICS, https://www.youtube.com/user/oldskoolgarage1/
UCU5LdMvVwBC_77wtmT4rywQ, Phil Weeks, https://www.youtube.com/user/UPROCK3000/
UCWuzG2VW-zL9QwrEo9E1AOA, forthelamented, https://www.youtube.com/user/forthelamented/
UCtSYkZGP9nkvXPMQgjeEIow, YY., https://www.youtube.com/channel/UCtSYkZGP9nkvXPMQgjeEIow/
UC4w5l9jyqursG7wSEdNv3bQ, blanc, https://www.youtube.com/user/MoombaBlastaOfficial/
UCaM4FeYlEB_aEMluu6hJ2OA, LR 4991, https://www.youtube.com/user/luisslr
UCQac7ZuhVPnV7li0D-nqeAw, TheLazyLazyMe, https://www.youtube.com/channel/UCQac7ZuhVPnV7li0D-nqeAw/
UCWVPQmyC88EWXvYSNnv3Thw, Diggersdigest, https://www.youtube.com/channel/UCWVPQmyC88EWXvYSNnv3Thw
UCksDoGEyfVkWgbhxSUGuhrg, Beats Incidental, https://www.youtube.com/channel/UCksDoGEyfVkWgbhxSUGuhrg
UCAMuwfmjImYPY2Xq_PACrvQ, Adventures In Sound, https://www.youtube.com/channel/UCAMuwfmjImYPY2Xq_PACrvQ
UC8sdN6rOzGrCHDIDHTK_2KA, Vinyl Frontier Plus, https://www.youtube.com/channel/UC8sdN6rOzGrCHDIDHTK_2KA
UCKMcwyZqQO3jcEF1BymFDMw, Vinyl Frontier East II, https://www.youtube.com/channel/UCKMcwyZqQO3jcEF1BymFDMw
UCpUaVaLffIuWGnxvDpapbrQ, Sonne Immage, https://www.youtube.com/channel/UCpUaVaLffIuWGnxvDpapbrQ
UCG9inuDQ1ROLufVWNmItj_g, Ricardo Maraña, https://www.youtube.com/channel/UCG9inuDQ1ROLufVWNmItj_g
UCIjnLUhH5XoZntlNfqsL8Uw, FRENCH VORTEX, https://www.youtube.com/channel/UCIjnLUhH5XoZntlNfqsL8Uw
UCLue5AhDOIpePYzlc3rOVVQ, Jazz and Blues Experience, https://www.youtube.com/channel/UCLue5AhDOIpePYzlc3rOVVQ
UCQXiwCm4YibWKEjprYY0qSA, Suha Önder, https://www.youtube.com/channel/UCQXiwCm4YibWKEjprYY0qSA
UCCnJJkJ2Q8l3enlfVI0fzuQ, Οράτιος Ρεξ, https://www.youtube.com/channel/UCCnJJkJ2Q8l3enlfVI0fzuQ
UCCp5_UFgkFvbMTOHfWQnJLQ, Machine Funk Savantage, https://www.youtube.com/channel/UCCp5_UFgkFvbMTOHfWQnJLQ
UCLXM6lFu1s7MjInzUk5bfNA, HATE LAB, https://www.youtube.com/channel/UCLXM6lFu1s7MjInzUk5bfNA
UCF_n4-_H6XtIcTPhrSGw5aQ, A R T S, https://www.youtube.com/channel/UCF_n4-_H6XtIcTPhrSGw5aQ
UCoahy6GKbGsJ5q6pzBPPMKg, Planet Rhythm, https://www.youtube.com/channel/UCoahy6GKbGsJ5q6pzBPPMKg
UCPkgp7lzgNnDMvMvJeLTFAQ, Prisoneer, https://www.youtube.com/channel/UCPkgp7lzgNnDMvMvJeLTFAQ
UCQT-h--PG_pq2H5BsAF0GDA, 7296272962, https://www.youtube.com/channel/UCQT-h--PG_pq2H5BsAF0GDA
UC58C_BhzlZIJTeomuVSD2lA, Houseum, https://www.youtube.com/channel/UC58C_BhzlZIJTeomuVSD2lA
UC1SD4ZfETUt_4903kwxaI3w, EELF, https://www.youtube.com/channel/UC1SD4ZfETUt_4903kwxaI3w
UC_9j-jI_P6heeJpQRvz0eOw, CMYK, https://www.youtube.com/channel/UC_9j-jI_P6heeJpQRvz0eOw
UCqTwKvjbTENZDGbz2si47ag, GRM Daily, https://www.youtube.com/channel/UCqTwKvjbTENZDGbz2si47ag
UCzeR0_RWnpNHe6y4DTLwE5Q, hurfyd, https://www.youtube.com/channel/UCzeR0_RWnpNHe6y4DTLwE5Q
UCRC_XCHOdP2BB4kr9Jj_Jqg, HOUSEWARMING, https://www.youtube.com/channel/UCRC_XCHOdP2BB4kr9Jj_Jqg
UCY2mgHbe4QiYjLHrtF5FMYQ, OOUKFunkyOO, https://www.youtube.com/channel/UCY2mgHbe4QiYjLHrtF5FMYQ
UCWJ0h-sGerHCxjAo2vRtkbg, 030esar0303, https://www.youtube.com/channel/UCWJ0h-sGerHCxjAo2vRtkbg
UC5rXILumTV11fEeq7nxWgOA, Moskalus, https://www.youtube.com/channel/UC5rXILumTV11fEeq7nxWgOA
UC8MLS5X0vWxxa5nyJxfSA1A, Slav, https://www.youtube.com/channel/UC8MLS5X0vWxxa5nyJxfSA1A
UCXG_MHlRfXWHYN_qlBXKxdA, RJJNY, https://www.youtube.com/channel/UCXG_MHlRfXWHYN_qlBXKxdA
UCMi36QfpbMgzThfXCr8c2JQ, LeftUnderSounds, https://www.youtube.com/channel/UCMi36QfpbMgzThfXCr8c2JQ
UC056lRq6KmKi6VTHAzkjNEw, GarageVybez98, https://www.youtube.com/channel/UC056lRq6KmKi6VTHAzkjNEw
UCnINrzzKgeWkJm1p1QRaZJQ, DeepBeliever, https://www.youtube.com/channel/UCnINrzzKgeWkJm1p1QRaZJQ
UCeGkyYcYtT3Wl2Hucv9AORg, Stamp The Wax, https://www.youtube.com/channel/UCeGkyYcYtT3Wl2Hucv9AORg
UC1LPXQWsacu9OLwyiwydjRA, dUbTech81, https://www.youtube.com/channel/UC1LPXQWsacu9OLwyiwydjRA
UC0pvNce3GJtFC4keSAfIDUw, Trip Hop Universe, https://www.youtube.com/channel/UC0pvNce3GJtFC4keSAfIDUw
UCimcCVMoypaRUB4yd7y9ksA, Seventies Rock, https://www.youtube.com/channel/UCimcCVMoypaRUB4yd7y9ksA
UC6kKFg61ww3nbYdPRrD_v5Q, thehouseofdisco, https://www.youtube.com/channel/thehouseofdisco
UCtS5tJgHxDZm5yKtluPmkLw, Rare Soul Disco Funk, https://www.youtube.com/channel/UCtS5tJgHxDZm5yKtluPmkLw
UCSJ4gkVC6NrvII8umztf0Ow, ChilledCow, https://www.youtube.com/channel/UCSJ4gkVC6NrvII8umztf0Ow
UCcfZ9dhNM8qfc9l8tN7RfCA, Max Chillsound, https://www.youtube.com/user/MaxChillsound
UCjyiHWU_MCr5eus7_2GnZsA, CLUB TOOLS, https://www.youtube.com/c/clubtoolstv
UCe04sGkV-VFBg02v8g8HlgQ, Feelthesame, https://www.youtube.com/channel/UCe04sGkV-VFBg02v8g8HlgQ
UCrtehfMvzwT2W8X2oc9sHSw, QeTi jiniuzashvili, https://www.youtube.com/c/qetijiniuzashvili/
UCsIzfsOcObtsEXOwtsFlcFA, Pierre B II, https://www.youtube.com/c/PierreBII
UCQ_Nz_29LsBNq2f-Ep9xjrw, EarlERizer73, https://www.youtube.com/user/EarlERizer73
UChS0SPpEqGMGRim7mebedPg, TheIDMMaster, https://www.youtube.com/user/TheIDMMaster
UCpZ-mzc7Puo1MNaqMPnmyrQ, SoundtracksForLiving, https://www.youtube.com/user/SoundtracksForLiving
UCJVsIjRBHVgq3Ay2zWUrbkw, Dar shan, https://www.youtube.com/user/19Darshan63
UCjDlFmwSSVZ5tCQYiR4BTqg, SleepyPebbles, https://www.youtube.com/user/SleepyPebbles
UCrZPMSrn-JchqjHAnz18kzg, Geigercounterculture, https://www.youtube.com/user/Geigercounterculture/
UCGwvH2aG1CWrOgrXz3H1LZg, Frobbz, https://www.youtube.com/user/Frobbz
UC06Du1NKTOjAOgeE4zhqGWg, Full Color Emotion, https://www.youtube.com/user/FullColorEmotion
UCEmUS_NA5VscpCEqPx6izVQ, drillobite, https://www.youtube.com/user/drillobite
UCZBEQmstIJUHVgR_pT_rz7g, dolfijnmetans, https://www.youtube.com/channel/UCZBEQmstIJUHVgR_pT_rz7g
UC6DjQc-CAGIrELvR8qeZgBQ, EyeCatchDreams, https://www.youtube.com/channel/UC6DjQc-CAGIrELvR8qeZgBQ
UCpBfpE80OUMfYT96mu7sK9w, 0The0Web0, https://www.youtube.com/user/0The0Web0
UCZtYVEmKI1a_o6Max1GH4vw, PatVforMatt2, https://www.youtube.com/channel/UCZtYVEmKI1a_o6Max1GH4vw
UCcCB2eXswB18VgHzdvQvjmA, honetrix, https://www.youtube.com/channel/UCcCB2eXswB18VgHzdvQvjmA
UCHhIEbvKbTsZYgs_NDSEQAw, SPAST, https://www.youtube.com/user/sikkkwill
UC6vVYzf2rc19Hb3FEJaks3A, MiaLunaSun9, https://www.youtube.com/user/bagirapuma9
UCNcw9AX5VgDXzC9THXdwskQ, Febrismusic, https://www.youtube.com/user/Febrismusic
UCOgIYdNEINxkyyKtseIVezg, TraumUTube, https://www.youtube.com/channel/UCOgIYdNEINxkyyKtseIVezg
UCcnaoOb1BA3oNl0MrGW9CaQ, truthfilter, https://www.youtube.com/user/truthfilter
UC5fN-mmgElKGyoydNeUy8Ww, TranceDivine, https://www.youtube.com/user/TranceDivine1
UC17fNSOxkFBO3u_1tXxTFaw, TranceDivine2, https://www.youtube.com/user/TranceDivine2/
UCJ1SMsC92yqZVDFRcTqblJg, IDM & Electronica Station, https://www.youtube.com/channel/UCJ1SMsC92yqZVDFRcTqblJg
UCcS-Gz7tDZmJbsi5M-DLsQw, Crucial Brew, https://www.youtube.com/user/crucialbr3w/
UCMmt12UKW571UWtJAgWkWqg, NiceGuys, https://www.youtube.com/c/NiceGuys/
UC4bDPscqf6-vQoDI4YMlslg, alona chemerys, https://www.youtube.com/channel/UC4bDPscqf6-vQoDI4YMlslg
UC1wW7oUo-JtBlu8I_F9inGw, Røzco, https://www.youtube.com/c/R%C3%B8zco/
UCU3htIGQQ8vRjiL6EtJuUhQ, Good Drugs Subs, https://www.youtube.com/channel/UCU3htIGQQ8vRjiL6EtJuUhQ
UCEEPiynPlMVsfNVIfaQROGA, Sound Of Rain, https://www.youtube.com/c/SoundOfRain
UCI2UnLDU1Hb_ofnqK4U4p5w, Lalo Vega, https://www.youtube.com/c/LaloVega98
UCsQ4Z-C2Ym1SndpDSWIxMOw, Psychogave, https://www.youtube.com/channel/UCsQ4Z-C2Ym1SndpDSWIxMOw
UCmfWl-4D2W9xdlHBlvY6t0w, The Worst Taste, https://www.youtube.com/channel/UCmfWl-4D2W9xdlHBlvY6t0w
UCxyXmU3VcCPAJ56nhoOuPiw, i'm cyborg but that's ok, https://www.youtube.com/channel/UCxyXmU3VcCPAJ56nhoOuPiw
UCNYJOAz1J80HEJy2HSM772Q, David Dean Burkhart, https://www.youtube.com/c/daviddeanburkhart
UCDvjHDtA4Bjh5bSLuK4xd6Q, 6277MISSION, https://www.youtube.com/channel/UCDvjHDtA4Bjh5bSLuK4xd6Q
UCk072btKtnXByWpOBYZqz6g, robophreeq, https://www.youtube.com/user/robophreeq
UCsY8V06gM2lemsvtZXGA9oA, J.M. Urda, https://www.youtube.com/user/breakito01
UC2KZDO3Sc_BwzCtUJtVXutg, ClassicTranceTV, https://www.youtube.com/user/ClassicTranceTV
UChraBkx9O8mHICQsDztck1Q, clubb guide, https://www.youtube.com/user/clubbguide/
UCMlHf6251NKQM-qkS2pgYQg, Mixtape Madness, https://www.youtube.com/c/MixtapeMadnessOfficial/
UCeuDuFPY8SvefNaZNX5XjaA, sub art, https://www.youtube.com/channel/UCeuDuFPY8SvefNaZNX5XjaA
UC0MbImAZ5VBy0CKANa17Rrg, 0000, https://www.youtube.com/c/0000XXXX0000
UCx7lBbG_m00RhxkFPg6eCLA, doptee, https://www.youtube.com/user/doptee
UCBISV5-8_ZST4bXA10uFVDg, GERMSGEMS, https://www.youtube.com/user/thegermnyc
UCKlBuUoUvWsdBiZXKCrU1xw, Rok Torkar, https://www.youtube.com/c/RokTorkar
UC9pQGeWEtbZr9kN-x066GgA, Kånde, https://www.youtube.com/c/XCANDE90X
UCEGGlz4fRMgBKrHd8xEsx1w, Habib, https://www.youtube.com/channel/UCEGGlz4fRMgBKrHd8xEsx1w/
UCW0cy1e_gx-fDcrLOtrZZxA, Axy Tmt, https://www.youtube.com/c/AxyTmt/
UCgrhHLJolFoe1OcdC5CGJMA, Chineurs de Techno, https://www.youtube.com/channel/UCgrhHLJolFoe1OcdC5CGJMA
UCsJyGt7k004-xgygG-uvR-g, Vincent Glandier, https://www.youtube.com/c/VincentGlandier
UCEjshz9bKWUtj77arYBv-VA, clément fronty, https://www.youtube.com/user/muppetshowman1972
UCClNKBLApNGTArvakWNsUfg, 101 Underworld, https://www.youtube.com/channel/UCClNKBLApNGTArvakWNsUfg
UCUSPH93ilnNTD46i5fx2AyQ, AD 93, https://www.youtube.com/user/WHITIESMUSIC
UCLZy_T3ANcdPTRb0pDv93ZA, Amsterdam Techno, https://www.youtube.com/c/AmsterdamTechno/
UCplkjNuLf7CoyVRIwIT1Pqw, Awesome Tapes From Africa, https://www.youtube.com/channel/UCplkjNuLf7CoyVRIwIT1Pqw
UCFAKGci5lneha2x4XMbzYrQ, La Blogothèque, https://www.youtube.com/channel/UCFAKGci5lneha2x4XMbzYrQ
UC2Qw1dzXDBAZPwS7zm37g8g, COLORS, https://www.youtube.com/c/COLORSxstudios
UC-ZcxqgtvP2gQOHYPWDv9Ow, Actuation, https://www.youtube.com/channel/UC-ZcxqgtvP2gQOHYPWDv9Ow
UCLySvQ5KnssdJVpbi5skvQw, VSVN, https://www.youtube.com/channel/UCLySvQ5KnssdJVpbi5skvQw
UCsIg9WMfxjZZvwROleiVsQg, STEEZYASFUCK, https://www.youtube.com/channel/UCsIg9WMfxjZZvwROleiVsQg
UCaXXVrECQR86Rmyel67KKVA, DayOff, https://www.youtube.com/channel/UCaXXVrECQR86Rmyel67KKVA
UCDo_VHBvW6g6esvbRLyqr8A, DEE DUBZ, https://www.youtube.com/channel/UCDo_VHBvW6g6esvbRLyqr8A
UCBote-U6HFHJV1UwLD3G5rw, Listen Closely, https://www.youtube.com/channel/UCBote-U6HFHJV1UwLD3G5rw
UCkasbZNUCa2dwKGIyXWGhyw, Funky Monk, https://www.youtube.com/channel/UCkasbZNUCa2dwKGIyXWGhyw
UCAvfQ9ssrgf8elsXrSIOqRQ, MsRunningBack, https://www.youtube.com/channel/UCAvfQ9ssrgf8elsXrSIOqRQ
UCFZ75Bg73NJnJgmeUX9l62g, Selected., https://www.youtube.com/channel/UCFZ75Bg73NJnJgmeUX9l62g
UCLZnh2NuZD1zjPOEtHzI31g, statenhal, https://www.youtube.com/c/statenhal
UCyYAmeuG2EgoUMl9r3mmqKA, Bio Rythms, https://www.youtube.com/channel/UCyYAmeuG2EgoUMl9r3mmqKA
UCG3ktrs1qhFKLI76vC9tAqQ, spclnch, https://www.youtube.com/channel/UCG3ktrs1qhFKLI76vC9tAqQ
UCFBRJGecMQ--usXYgvakhmg, KillerRareGroovez, https://www.youtube.com/channel/UCFBRJGecMQ--usXYgvakhmg
UCCvLAIV-G3wcIncbd3c353w, The Right Feel, https://www.youtube.com/channel/UCCvLAIV-G3wcIncbd3c353w
UCZNyqn4nRF0VP7vzGdFv2_Q, THYMES, https://www.youtube.com/channel/UCZNyqn4nRF0VP7vzGdFv2_Q
UC13qnQOO1_U8cc2YAHzuptw, Sakiz, https://www.youtube.com/user/thanacic46
UC5OkJxOnxn_AycmVGdysP_g, Sandfield, https://www.youtube.com/channel/UC5OkJxOnxn_AycmVGdysP_g
UC3ASRahHy8zpF1PJZS3hOpw, miNIMMAl movement, https://www.youtube.com/user/Jensiebo
UCGxYxFFsENVa3y3L3kkQ4QA, Trommel Music, https://www.youtube.com/c/TrommelMusic
UCPZUQqtVDmcjm4NY5FkzqLA, Rousseau, https://www.youtube.com/c/Rousseau
UCs7O9sOUQiBGBxaaAguIwig, Patrik Pietschmann, https://www.youtube.com/channel/UCs7O9sOUQiBGBxaaAguIwig
UCXDFQexmA_BUAdxXhSUNGIw, Jova Musique, https://www.youtube.com/c/JovaMusique
UCWof6ceeDX5i4aBZXhS2Jnw, Hi I'm Ben., https://www.youtube.com/user/skipsch
UCEkBEbI7ME92qqjMjqvuIQA, Psybrations, https://www.youtube.com/channel/UCEkBEbI7ME92qqjMjqvuIQA
UC68n0uVQq9Hv8FeJ6r-7RQA, BassAddicted, https://www.youtube.com/c/BassAddictedMusic
UCbiZfxvkjBZi9_i7k8sxMXg, Dream Chimney, https://www.youtube.com/channel/UCbiZfxvkjBZi9_i7k8sxMXg
UCw6diXXcmFX7nroE2gXgF0g, joaquinnieto misummergrooves, https://www.youtube.com/channel/UCw6diXXcmFX7nroE2gXgF0g
UC1ArEhP8x9TSrCTB5loeylg, semjon., https://www.youtube.com/channel/UC1ArEhP8x9TSrCTB5loeylg
UCXxQOObR131Xj_e2GJpDKlA, DeepHouseification, https://www.youtube.com/channel/UCXxQOObR131Xj_e2GJpDKlA
UCpNMmKsSq_XRpWPyPrv1Ddg, UNDERGROUND CLASSICS HOUSE, https://www.youtube.com/channel/UCpNMmKsSq_XRpWPyPrv1Ddg
UCwdUbwas6dAP-Qqojf6Hgmw, House Sanctuary, https://www.youtube.com/channel/UCwdUbwas6dAP-Qqojf6Hgmw
UCBod7M_EX2QsgsrV9ZA6J7g, Old Skool Rewind Official, https://www.youtube.com/c/OldSkoolRewindOfficial
UCK_lWK0-T45ionQI2Z2IhHg, sweetbabyjaysus, https://www.youtube.com/user/sweetbabyjaysus
UCfmzrjwSMcvYp9zsdt0m8UA, TinnitusGehoerschade, https://www.youtube.com/channel/UCfmzrjwSMcvYp9zsdt0m8UA
UCJIZa_10UirVn76exaJCDxQ, Floating Station, https://www.youtube.com/channel/UCJIZa_10UirVn76exaJCDxQ
UCW6Zc3v5s98ULqXsjYhdomg, DjBeatmaster207, https://www.youtube.com/channel/UCW6Zc3v5s98ULqXsjYhdomg
UCGkzJmg31dgczktvAikK7Qg, Free is in Da House, https://www.youtube.com/user/FreeisinDaHouseAgain
UCUUT3oVa1962KAEUaQFZssA, Abstructure, https://www.youtube.com/channel/UCUUT3oVa1962KAEUaQFZssA
UCL6upWF6fchig2V4PnPhQuQ, Underground Sounds M, https://www.youtube.com/channel/UCL6upWF6fchig2V4PnPhQuQ
UCRRFqibX5ug-opYWTSTuk5A, Dubstep Classics, https://www.youtube.com/channel/UCRRFqibX5ug-opYWTSTuk5A
UCukVH2Rk4os9rDaU3skW63w, BlueDollarBillz, https://www.youtube.com/channel/UCukVH2Rk4os9rDaU3skW63w
UCByc6t1_4qS1GA7Y-5bLEzg, The W.A.P Station, https://www.youtube.com/channel/UCByc6t1_4qS1GA7Y-5bLEzg
UCN0tf4JrpZDPDlg2l9DusRg, Backintday, https://www.youtube.com/channel/UCN0tf4JrpZDPDlg2l9DusRg
UCb6aXYwANo9ErAF4be73jbA, HouseMaster, https://www.youtube.com/channel/UCb6aXYwANo9ErAF4be73jbA
UC6APkFufZN811VasxTvxvYg, Retro Trance Addict Belgium, https://www.youtube.com/channel/UC6APkFufZN811VasxTvxvYg
UC54aKpWtaxvZQK7KHg34Btw, Cristian M., https://www.youtube.com/channel/UC54aKpWtaxvZQK7KHg34Btw
UCLSsG4tdHcD5EpT9FvQnW9g, Seed, https://www.youtube.com/channel/UCLSsG4tdHcD5EpT9FvQnW9g
UCRYWRlxXWMkrswUs5yoSO3g, Oldskool Flavaz, https://www.youtube.com/channel/UCRYWRlxXWMkrswUs5yoSO3g
UC3qcXwTEMWFpXU_9A8iLiMg, DuffMcshark80, https://www.youtube.com/channel/UC3qcXwTEMWFpXU_9A8iLiMg
UC8UX3iKXSAjqwxTktzkOUpA, BackToOldNight, https://www.youtube.com/channel/UC8UX3iKXSAjqwxTktzkOUpA
UC1CAPfEZv9a0cg7Pkyp54cA, TMF90Dance, https://www.youtube.com/channel/UC1CAPfEZv9a0cg7Pkyp54cA
UCR1wPHPaLSykj0XG9IKtnVA, DeeperFunk McMa, https://www.youtube.com/channel/UCR1wPHPaLSykj0XG9IKtnVA
UCTXBcXZoX_6bYrxSIBOo-hw, Dave The Ghost, https://www.youtube.com/user/TheGhostDave
UChKOE1_eQVtNGlC4nDcuR7g, Inma Santos & jaimolin, https://www.youtube.com/channel/UChKOE1_eQVtNGlC4nDcuR7g
UCRp2brZzqQxXOuqeln6KdjQ, Minitel, https://www.youtube.com/channel/UCRp2brZzqQxXOuqeln6KdjQ
UCakrn8i1Z_n0I5qlYX90l7w, ORDINATEUF, https://www.youtube.com/channel/UCakrn8i1Z_n0I5qlYX90l7w
UCXQE-1APU6mrBBHJwf3vwUA, MrTowerdub, https://www.youtube.com/channel/UCXQE-1APU6mrBBHJwf3vwUA
UCIH5fVh549SzAIaAW1TMNjA, SilentChaos Music, https://www.youtube.com/channel/UCIH5fVh549SzAIaAW1TMNjA
UC535JNhZWr4MDGJRdvdiakQ, RobMagic, https://www.youtube.com/channel/UC535JNhZWr4MDGJRdvdiakQ
UCqgjsDIStMI4vlXIty3Gjww, Reel Long Overdub, https://www.youtube.com/channel/UCqgjsDIStMI4vlXIty3Gjww
UCXr6CAf1tyge7kha2foGnUA, Vitallieb, https://www.youtube.com/channel/UCXr6CAf1tyge7kha2foGnUA
UCLmS0S60Ik6CE7GO18a7raQ, WAS - WordAndSound, https://www.youtube.com/channel/UCLmS0S60Ik6CE7GO18a7raQ
UCvFLJBmPZYohx11F-N1BrHg, Therawprocess, https://www.youtube.com/channel/UCvFLJBmPZYohx11F-N1BrHg
UCL_5SO9hXay-VivToFvZc4A, Dead Poets Society, https://www.youtube.com/channel/UCL_5SO9hXay-VivToFvZc4A
UCgJUV8MWV5i4VBeHJ5D87oA, Wes Mar _Back In Days_, https://www.youtube.com/channel/UCgJUV8MWV5i4VBeHJ5D87oA
UCy-unM_4IUeSvmyaLrFPyWg, No Copyright Music, https://www.youtube.com/channel/UCy-unM_4IUeSvmyaLrFPyWg
UCx1Ug6KnR3qc32jVNejRqtQ, I'll House You, https://www.youtube.com/channel/UCx1Ug6KnR3qc32jVNejRqtQ
UC1_SsulrZsyIzneNauJsMNw, Oldskoolclubmusic, https://www.youtube.com/channel/UC1_SsulrZsyIzneNauJsMNw
UCuRBpV4ZJwNawB9ml59n5-w, Prost, https://www.youtube.com/channel/UCuRBpV4ZJwNawB9ml59n5-w
UC0L0PDO9kUS46JC1wEjLEbg, Stones Throw, https://www.youtube.com/channel/UC0L0PDO9kUS46JC1wEjLEbg
UCBViu42KXgQmRSnVzSOKf4w, Moodsteer, https://www.youtube.com/channel/UCBViu42KXgQmRSnVzSOKf4w
UCs4WWndFQBAegk_G_l3KPKA, Constant Sound, https://www.youtube.com/channel/UCs4WWndFQBAegk_G_l3KPKA
UC4j2jcLGL-ihdDHTRzjavFA, FLUCTUS, https://www.youtube.com/channel/UC4j2jcLGL-ihdDHTRzjavFA
UCc0G8zWgwJHZUgsffyihhmw, HugoRedRose, https://www.youtube.com/channel/UCc0G8zWgwJHZUgsffyihhmw
UCKsTGkFAuM91uF2iXALXgFw, Sick Deckard, https://www.youtube.com/channel/UCKsTGkFAuM91uF2iXALXgFw
UCBG7FeroOZdik8zA1hX4MuA, DJ Boobytrap, https://www.youtube.com/channel/UCBG7FeroOZdik8zA1hX4MuA
UCZ8YN9u9H_tRTi2LTODoXLg, SpaceAmbient, https://www.youtube.com/channel/UCZ8YN9u9H_tRTi2LTODoXLg
UCLbDngg7xrEbndFuiJdPeyQ, ColdCuts // HotWax, https://www.youtube.com/channel/UCLbDngg7xrEbndFuiJdPeyQ
UC3p1aPxkoKHbPLHsV3eMmTQ, Cheap Records Diggers, https://www.youtube.com/channel/UC3p1aPxkoKHbPLHsV3eMmTQ
UCyJiAKxhRdgm_oGOsZx00Fg, yugen., https://www.youtube.com/channel/UCyJiAKxhRdgm_oGOsZx00Fg
UCwazq3MyzY33aEMW4vVvvwg, The Electronic Vinyl, https://www.youtube.com/channel/UCwazq3MyzY33aEMW4vVvvwg
UCKPWZMJNc39HmDst9eqpJJg, ACKIRAI RECORDS, https://www.youtube.com/channel/UCKPWZMJNc39HmDst9eqpJJg
UCQ25dnVPb5JwyhPQehEPl6A, The Mad Ferret, https://www.youtube.com/channel/UCQ25dnVPb5JwyhPQehEPl6A
UC9rvJ7Kn8nTSXSYxpb0EOeA, mrgee007, https://www.youtube.com/channel/UC9rvJ7Kn8nTSXSYxpb0EOeA
UClPHKgaMkOy6fEaoX-uZhpQ, thelostreef, https://www.youtube.com/channel/UClPHKgaMkOy6fEaoX-uZhpQ
UC4V_klCC-vpI8Ocy8A1ZwHA, Zab Jim, https://www.youtube.com/channel/UC4V_klCC-vpI8Ocy8A1ZwHA
UCpDJl2EmP7Oh90Vylx0dZtA, Spinnin' Records, https://www.youtube.com/channel/UCpDJl2EmP7Oh90Vylx0dZtA
UCl28phgttCC_9z5ZQrVgLeA, ELECTRIFY001, https://www.youtube.com/channel/UCl28phgttCC_9z5ZQrVgLeA
UCWIIjKRM3PXJi0SLQlwbF-g, Arts & Crafts, https://www.youtube.com/channel/UCWIIjKRM3PXJi0SLQlwbF-g
UCXqMSOSAzxAF-aW97_fc_uw, Ovidiu Cara, https://www.youtube.com/channel/UCXqMSOSAzxAF-aW97_fc_uw
UCam2kLbstBgHqaHKXSOhB4w, Earthym, https://www.youtube.com/channel/UCam2kLbstBgHqaHKXSOhB4w
UCjkEOJLs5oxhXS5J7wcY0mQ, 100% Progressive Motion 89/96, https://www.youtube.com/channel/UCjkEOJLs5oxhXS5J7wcY0mQ
UC_xvN4CZyMlg9KqUboLLrhw, ODDJOHN, https://www.youtube.com/channel/UC_xvN4CZyMlg9KqUboLLrhw
UCEsVunT6Bt2E1FMwNH8eDIA, villain collective, https://www.youtube.com/channel/UCEsVunT6Bt2E1FMwNH8eDIA
UCF42sTJdqu9VyPhbz_wQKgw, Joe Sansom, https://www.youtube.com/channel/UCF42sTJdqu9VyPhbz_wQKgw
UCi7leY1qzGJsUjUSeJ1ZsZA, MyCandies, https://www.youtube.com/@MyCandiess
UCDWlGzmKIE2IaMhTgyaQ8Mg, ツRubi, https://www.youtube.com/channel/UCDWlGzmKIE2IaMhTgyaQ8Mg
UCFNWHPzmwLejIywMtEfrGjA, Greg Vse, https://www.youtube.com/channel/UCFNWHPzmwLejIywMtEfrGjA
UCCZzrgSavFLFG8PiDBYle0A, dPs _, https://www.youtube.com/channel/UCCZzrgSavFLFG8PiDBYle0A
UCpH2qI0kcOxpC-X0JGXrHfw, Kafkaesque Records, https://www.youtube.com/channel/UCpH2qI0kcOxpC-X0JGXrHfw
UCDHSUy90K8gsGjj2-I2w3wg, JazzConbuzz, https://www.youtube.com/channel/UCDHSUy90K8gsGjj2-I2w3wg
UCNf6gARMAsaoCgy-8dYFZMQ, Planets Alignment, https://www.youtube.com/channel/UCNf6gARMAsaoCgy-8dYFZMQ
UCU4GxQAvs7DkAPp_vvH9pmQ, imadouadani, https://www.youtube.com/channel/UCU4GxQAvs7DkAPp_vvH9pmQ
UCmyNXXtPHDbHF_O8CwD_utA, Heavenly Sweetness, https://www.youtube.com/channel/UCmyNXXtPHDbHF_O8CwD_utA
UCI3y-LAESU4L1aCaNUcY0xQ, dzanful, https://www.youtube.com/channel/UCI3y-LAESU4L1aCaNUcY0xQ
UCcL3KxDVqd2wkBNa__5qnYg, LePhare911, https://www.youtube.com/channel/UCcL3KxDVqd2wkBNa__5qnYg
UCJfe8M0A-cwYUpzfg-iUQwg, Old Rhythms, https://www.youtube.com/channel/UCJfe8M0A-cwYUpzfg-iUQwg
UC73-NQCvIQ4FOnhgvzlS6gA, Sound Station Strategy, https://www.youtube.com/channel/UC73-NQCvIQ4FOnhgvzlS6gA
UCmqnHKt5pFpGCNeXZA3OJbw, THIS IS MELODIC [Petites Pépites], https://www.youtube.com/channel/UCmqnHKt5pFpGCNeXZA3OJbw
UCYg-EhkomR3XZGZLpd1c-eQ, Rafa Vargas, https://www.youtube.com/channel/UCYg-EhkomR3XZGZLpd1c-eQ
UCKcsZN74gVsS4Dzvhldzsng, Enchanted Rhythms, https://www.youtube.com/channel/UCKcsZN74gVsS4Dzvhldzsng
UCC-yJ-1mQtYcVq3PmCSkg-w, Dj Tazio, https://www.youtube.com/channel/UCC-yJ-1mQtYcVq3PmCSkg-w
UCPzWlhG7QM56Y8MYB3qMVnQ, Electronic Gems, https://www.youtube.com/channel/UCPzWlhG7QM56Y8MYB3qMVnQ
UCCkT8p-KpFICxSoJZkJ-3eg, Onlyroots Reggae, https://www.youtube.com/channel/UCCkT8p-KpFICxSoJZkJ-3eg
UCRp4cFMUSXazcgVupIkh_bw, Critical Ears, https://www.youtube.com/channel/UCRp4cFMUSXazcgVupIkh_bw
UCbpi2symopoMdoba1dZg2Xw, atynotgal, https://www.youtube.com/c/atynotgal/videos
UCZwRG-XAoaaGRcPy8s4xINg, underground elecktronics, https://www.youtube.com/channel/UCZwRG-XAoaaGRcPy8s4xINg
UCOkpc7Pa7N4cDUb-uoJHY4Q, Kermesse World, https://www.youtube.com/channel/UCOkpc7Pa7N4cDUb-uoJHY4Q
UCTPsnxAWqUYCibqK8fbHIdA, CTW Podcasts, https://www.youtube.com/channel/UCTPsnxAWqUYCibqK8fbHIdA
UCpWePSgsr1cOAOrmL3pW5FQ, Tobi 9000, https://www.youtube.com/channel/UCpWePSgsr1cOAOrmL3pW5FQ
UC38DkkefIq6oSJZtH6b8zrw, Palm Structure, https://www.youtube.com/channel/UC38DkkefIq6oSJZtH6b8zrw
UCugkvDe_qb0oYx493c3FehA, escavações sonoras, https://www.youtube.com/channel/UCugkvDe_qb0oYx493c3FehA
UCquUFvUEJu89UAAhPKOcC3g, CaLMCee, https://www.youtube.com/channel/UCquUFvUEJu89UAAhPKOcC3g
UC2hNyT8zrH3CZDgOFaDZPgA, Zeinkali, https://www.youtube.com/channel/UC2hNyT8zrH3CZDgOFaDZPgA
UC_5cv7f6feCLOLJM7D_67mg, Giorgi Pipia, https://www.youtube.com/channel/UC_5cv7f6feCLOLJM7D_67mg
UC8hpODHgkN2yjumo0Q-iwAg, Inverted Audio, https://www.youtube.com/channel/UC8hpODHgkN2yjumo0Q-iwAg
UCv9KPKSNIlVw1lAmM-BJp3Q, valk82, https://www.youtube.com/channel/UCv9KPKSNIlVw1lAmM-BJp3Q
UCxc-WLBiEgg5zqeXsTHXR2w, Sound of 88/92, https://www.youtube.com/channel/UCxc-WLBiEgg5zqeXsTHXR2w
UC7sN2ySX4NOrI4jJEriY7nQ, Resonance Music, https://www.youtube.com/channel/UC7sN2ySX4NOrI4jJEriY7nQ
UCN_7JjaZmsD2Ipq8gVYgnXg, SONIC Bishop, https://www.youtube.com/channel/UCN_7JjaZmsD2Ipq8gVYgnXg
UCxTSxL9_r-vJ2QooKk-_62w, Manila Folder, https://www.youtube.com/channel/UCxTSxL9_r-vJ2QooKk-_62w
UC9izXKO8u9SrdbZi-ch0k1w, Housinberg, https://www.youtube.com/channel/UC9izXKO8u9SrdbZi-ch0k1w
UCWoxdnsvMmu6AOO5dUDS9bg, Nino, https://www.youtube.com/channel/UCWoxdnsvMmu6AOO5dUDS9bg
UCop6UI7v6p1Hc2SRWCmcmvQ, Track ID, https://www.youtube.com/@TrackID
UC-scvW4oR9IbEoxMII-zn0w, r o j, https://www.youtube.com/channel/UC-scvW4oR9IbEoxMII-zn0w
UCtrHcoiynEEILOrqtGAC1Aw, Vibin, https://www.youtube.com/channel/UCtrHcoiynEEILOrqtGAC1Aw
UC3wYVyIqkQxyceahlF2gtPA, boniverful, https://www.youtube.com/channel/UC3wYVyIqkQxyceahlF2gtPA
UCx0tGtgvBmdjHxHGw1hHbYA, oO /o, https://www.youtube.com/channel/UCx0tGtgvBmdjHxHGw1hHbYA
UCQ_CaAUmWEzknJg7o9El5Zg, longevity, https://www.youtube.com/channel/UCQ_CaAUmWEzknJg7o9El5Zg
UCJEqaji6AEOFbv6V8ief5dg, O0ο0Ο, https://www.youtube.com/channel/UCJEqaji6AEOFbv6V8ief5dg
UCdF2Y9E6txkVp8CSOPb3xaw, Killjoy Division, https://www.youtube.com/channel/UCdF2Y9E6txkVp8CSOPb3xaw
UCOwbz5hP4aTnrcE7jSVNXdg, Ossicle, https://www.youtube.com/channel/UCOwbz5hP4aTnrcE7jSVNXdg
UCXj_GyH8USaENPaO8obvJuQ, Blank & Red, https://www.youtube.com/channel/UCXj_GyH8USaENPaO8obvJuQ
UCQeZAjZEnXIMspAX_fJjAwg, Tamiras, https://www.youtube.com/channel/UCQeZAjZEnXIMspAX_fJjAwg
UCyRpD0jemAWnzjcUhxN1Bkg, le-v-el, https://www.youtube.com/channel/UCyRpD0jemAWnzjcUhxN1Bkg
UC_LygK8oinlGQ0o_IWRQrAA, Thru Cut, https://www.youtube.com/channel/UC_LygK8oinlGQ0o_IWRQrAA
UCtW5gJE7h2aXlKMgI7k95dA, FATAL ERROR, https://www.youtube.com/channel/UCtW5gJE7h2aXlKMgI7k95dA
UCSHi1OehgjYeW1E5A1mjJXA, Mr Prune, https://www.youtube.com/channel/UCSHi1OehgjYeW1E5A1mjJXA
UC9Zg6oEeKqujq_33dkT9WuQ, Mystic Revelation, https://www.youtube.com/channel/UC9Zg6oEeKqujq_33dkT9WuQ
UCKTDwRLjx3Lm-gxtPokrCjQ, Dedos Sucios, https://www.youtube.com/channel/UCKTDwRLjx3Lm-gxtPokrCjQ
UCSWiB4K5ZX8mTNrkDt7SCyA, Tatia Machkhaneli, https://www.youtube.com/channel/UCSWiB4K5ZX8mTNrkDt7SCyA
UCwuNE3EgYnwEOGC8bO91GNw, TheCosmiCInterlude, https://www.youtube.com/channel/UCwuNE3EgYnwEOGC8bO91GNw
UCazvq0ni8i2YjgQI1VbALCg, TECHNO, https://www.youtube.com/channel/UCazvq0ni8i2YjgQI1VbALCg
UCDIIddncCUwqViJiGxxqJrw, Duba Dub, https://www.youtube.com/channel/UCDIIddncCUwqViJiGxxqJrw
UCW7FHZZc4oHuouB1ceLfqRw, side A side B, https://www.youtube.com/channel/UCW7FHZZc4oHuouB1ceLfqRw
UCrn5mPI2nDpLq334hf5QAeg, Ervallagh-Tunes, https://www.youtube.com/channel/UCrn5mPI2nDpLq334hf5QAeg
UCpLvfc0dtbtocR4EviIllSQ, Mood Hut, https://www.youtube.com/channel/UCpLvfc0dtbtocR4EviIllSQ
UChyFrEll3HnWMSooXHgZq4g, House Music Delivery, https://www.youtube.com/channel/UChyFrEll3HnWMSooXHgZq4g
UCBi1oxSnxFKR8KVFvx1EEXA, dawep, https://www.youtube.com/channel/UCBi1oxSnxFKR8KVFvx1EEXA
UC0FplT88irKbHeZucDiFplw, yotsu, https://www.youtube.com/channel/UC0FplT88irKbHeZucDiFplw
UCciRK3aMRSecpbobhILuStw, yotsu II, https://www.youtube.com/channel/UCciRK3aMRSecpbobhILuStw
UC8HUh8-5afcpHNnrD8-ZOrA, Pretiosum, https://www.youtube.com/channel/UC8HUh8-5afcpHNnrD8-ZOrA
UCUVjT8oRvE9jI6-HKn2cuKQ, underground charisma, https://www.youtube.com/channel/UCUVjT8oRvE9jI6-HKn2cuKQ
UC8ETgF0UmtbxJjA45g1QVJg, In Between Music, https://www.youtube.com/channel/UC8ETgF0UmtbxJjA45g1QVJg
UCks5u0pcRCtTXKHKgpRdVmg, Zone Focus, https://www.youtube.com/channel/UCks5u0pcRCtTXKHKgpRdVmg
UCV_YirzL3xArttBiIE5_s4A, Betty Bracelets, https://www.youtube.com/channel/UCV_YirzL3xArttBiIE5_s4A
UCTeRuwbiwGig3Ep5ZfYHcMg, Melody Lab, https://www.youtube.com/channel/UCTeRuwbiwGig3Ep5ZfYHcMg
UC_-jobN_2L2fmvZRJ3kVjHQ, eja aje, https://www.youtube.com/channel/UC_-jobN_2L2fmvZRJ3kVjHQ
UCpTmfOewTEsWOrSRa2XQVAg, Just Good Music, https://www.youtube.com/channel/UCpTmfOewTEsWOrSRa2XQVAg
UCdzgPbiTKh-JGCJs4B-GTOQ, REKK 81, https://www.youtube.com/channel/UCdzgPbiTKh-JGCJs4B-GTOQ
UCuEUz4vLWHKTYdhlQXE4Cwg, cobra cobra, https://www.youtube.com/channel/UCuEUz4vLWHKTYdhlQXE4Cwg
UCzDX4m-uZm5BhF6BbQXAXcA, Loaded, https://www.youtube.com/channel/UCzDX4m-uZm5BhF6BbQXAXcA
UCHQAJV8oHCxRB47nmDv6RSQ, Vinyl's Not Dead, https://www.youtube.com/channel/UCHQAJV8oHCxRB47nmDv6RSQ
UCagHW449Xo-cqSDImTrbWcw, SmallWax, https://www.youtube.com/channel/UCagHW449Xo-cqSDImTrbWcw
UCm_mpkdjqunXZQv0bIzJntg, Bastos la Supercherie, https://www.youtube.com/channel/UCm_mpkdjqunXZQv0bIzJntg
UCauW8AmcEN-VZC4h9DSUd9Q, plastic dreams, https://www.youtube.com/channel/UCauW8AmcEN-VZC4h9DSUd9Q
UCEZv9dZgLH68-u8DNjFtmQA, Glitshit, https://www.youtube.com/channel/UCEZv9dZgLH68-u8DNjFtmQA
UCqIA22aecP1an3ZHvicN_Yg, Sonic Resistance, https://www.youtube.com/channel/UCqIA22aecP1an3ZHvicN_Yg
UCQAK3KlZRtbTnlSnY7xc0hA, Akroama, https://www.youtube.com/channel/UCQAK3KlZRtbTnlSnY7xc0hA
UClEmlHB2x-RB4YLKTNYvv-A, Success Stories, https://www.youtube.com/channel/UClEmlHB2x-RB4YLKTNYvv-A
UCoNqi9bmw0WD9bAbWZQGUnQ, Chevry Agency, https://www.youtube.com/channel/UCoNqi9bmw0WD9bAbWZQGUnQ
UCEz-IT3tXwIUxMUHAcM72_w, Dancin' Deeper, https://www.youtube.com/channel/UCEz-IT3tXwIUxMUHAcM72_w
UCZHrUgJnIh5xg-Dt_svtzhQ, Dancin Deep, https://www.youtube.com/channel/UCZHrUgJnIh5xg-Dt_svtzhQ
UCqzclXvzy0M9HQq9gE60Iyg, Dancin Deepy, https://www.youtube.com/channel/UCqzclXvzy0M9HQq9gE60Iyg
UCCUa5sJig0H83IrGlansyBA, Dancin Deepest, https://www.youtube.com/channel/UCCUa5sJig0H83IrGlansyBA
UCX1ELQjk88LoNFP74PKaElg, SecretSquizza, https://www.youtube.com/channel/UCX1ELQjk88LoNFP74PKaElg
UCDPJP8mlzdyowL9Jf9LgUDQ, TECH PLUG, https://www.youtube.com/channel/UCDPJP8mlzdyowL9Jf9LgUDQ
UCiuuuJhgPhv6Mmw_rAnr-6Q, In My House, https://www.youtube.com/channel/UCiuuuJhgPhv6Mmw_rAnr-6Q
UCODp6MbcarNWMA5RRZWURdQ, James Newsome, https://www.youtube.com/channel/UCODp6MbcarNWMA5RRZWURdQ
UCj_4c-JWo0u25RjZmC3D_zQ, A1A2B1B2, https://www.youtube.com/channel/UCj_4c-JWo0u25RjZmC3D_zQ
UCSfNQtA4Qd3NLMBAPp3FP5A, Ledge Sounds, https://www.youtube.com/channel/UCSfNQtA4Qd3NLMBAPp3FP5A
UCLXnVP3o2jRRgFSxP5JstqA, Orange Pedor, https://www.youtube.com/channel/UCLXnVP3o2jRRgFSxP5JstqA
UC8sSCDtDP1Q0QzumMkVqceg, Back Lighting, https://www.youtube.com/channel/UC8sSCDtDP1Q0QzumMkVqceg
UC8sOILjc7c7l-xWngX5HoGg, tswp, https://www.youtube.com/channel/UC8sOILjc7c7l-xWngX5HoGg
UCO5fBZ4OwuAcz8G5hk4IOXQ, OldSchoolChibani, https://www.youtube.com/channel/UCO5fBZ4OwuAcz8G5hk4IOXQ
UCrZBufk3uyAN9mGIRGiXQig, everyours., https://www.youtube.com/channel/UCrZBufk3uyAN9mGIRGiXQig
UCjiesakln3EcCY36zIQMgwg, Nightclubber, https://www.youtube.com/channel/UCjiesakln3EcCY36zIQMgwg
UCbJnio91-HeZ6FEVgVzvXmg, We all love music 80's 90's, https://www.youtube.com/channel/UCbJnio91-HeZ6FEVgVzvXmg
UCxxLEkba_SPiF0xqeBXLpKg, T In Techno, https://www.youtube.com/channel/UCxxLEkba_SPiF0xqeBXLpKg
UCpFg_0NJDF9EL8NWHzkGWNA, Intelectronica, https://www.youtube.com/channel/UCpFg_0NJDF9EL8NWHzkGWNA
UC1_7F7AUbjKvUjh9Rmceotg, Ole Records Team, https://www.youtube.com/channel/UC1_7F7AUbjKvUjh9Rmceotg
UCGkNNoNqp56kIkDlgB-bL_w, Louis Ray, https://www.youtube.com/channel/UCGkNNoNqp56kIkDlgB-bL_w
UCVbB5eEDF7B8NF-WBq9lG7Q, Berlin House Music, https://www.youtube.com/channel/UCVbB5eEDF7B8NF-WBq9lG7Q
UCb8aEYO2aR_kSy51-FsQ0Wg, Remember Forever, https://www.youtube.com/channel/UCb8aEYO2aR_kSy51-FsQ0Wg
UC3HJs9VyTC-SSwuvhySVHQw, Classic House & A Little More, https://www.youtube.com/channel/UC3HJs9VyTC-SSwuvhySVHQw
UCWoqakaponyRDocm3fRr3QQ, Bread & Music, https://www.youtube.com/channel/UCWoqakaponyRDocm3fRr3QQ
UCvSmMHAvqdxb-iVpBbDcAbQ, treedmusic, https://www.youtube.com/channel/UCvSmMHAvqdxb-iVpBbDcAbQ
UCJ_z64VfYV7HQ6J6oE_x55A, BoxInSquare, https://www.youtube.com/channel/UCJ_z64VfYV7HQ6J6oE_x55A
UCkJiiJt2HkHMSeZJIIQgQTA, Sinchi Collective, https://www.youtube.com/channel/UCkJiiJt2HkHMSeZJIIQgQTA
UCBFrMzcSl7wc0tLyrrMnw3w, KOSMICHASM, https://www.youtube.com/channel/UCBFrMzcSl7wc0tLyrrMnw3w
UC1hGM5U8P9JFENQ-6Ap_jZg, thesoundarcade, https://www.youtube.com/channel/UC1hGM5U8P9JFENQ-6Ap_jZg
UCB2qJu9GZKJIzu1rPSuLzCA, Beats & Culture, https://www.youtube.com/channel/UCB2qJu9GZKJIzu1rPSuLzCA
UChMVJioaDxr7RQ4_xvEqy5A, JIMMYJAM220, https://www.youtube.com/channel/UChMVJioaDxr7RQ4_xvEqy5A
UCIvi47TzGi_5DPDLvo6OLww, LiquidMusick, https://www.youtube.com/channel/UCIvi47TzGi_5DPDLvo6OLww
UCgQIjOXBBwnztfn-xyT-BtQ, Noughty 90's, https://www.youtube.com/channel/UCgQIjOXBBwnztfn-xyT-BtQ
UC2nyzWMWgoYnbrJjeEpETLw, Liquiddnbftw, https://www.youtube.com/channel/UC2nyzWMWgoYnbrJjeEpETLw
UC_k4BFg3FhpAp57QEEj1rxg, DelightDNB, https://www.youtube.com/channel/UC_k4BFg3FhpAp57QEEj1rxg
UCLJM8IFVAQA2XAiJjmgAY1g, Epidemic Jazz, https://www.youtube.com/channel/UCLJM8IFVAQA2XAiJjmgAY1g
UCqhNRDQE_fqBDBwsvmT8cTg, SwagyTracks, https://www.youtube.com/channel/UCqhNRDQE_fqBDBwsvmT8cTg
UCT9GCwDPvQrG1n0KBEBMbdA, Doubleu, https://www.youtube.com/channel/UCT9GCwDPvQrG1n0KBEBMbdA
UCxTuR0qOna7H6pLGKqcbsdQ, bobemihai, https://www.youtube.com/channel/UCxTuR0qOna7H6pLGKqcbsdQ
UCRDeZ0CxvODjyLH-659fyYg, Vinyl Stash, https://www.youtube.com/channel/UCRDeZ0CxvODjyLH-659fyYg
UCVoraDictyd89xgZt-J2Frw, IndieAir, https://www.youtube.com/channel/UCVoraDictyd89xgZt-J2Frw
UCbuK8xxu2P_sqoMnDsoBrrg, WaveMusic, https://www.youtube.com/channel/UCbuK8xxu2P_sqoMnDsoBrrg
UCBYg9_11ErMsFFNR66TRuLA, Koala Kontrol, https://www.youtube.com/channel/UCBYg9_11ErMsFFNR66TRuLA
UC_IVhAlM2q2tFtCXP3R0ncw, Vertex Records, https://www.youtube.com/channel/UC_IVhAlM2q2tFtCXP3R0ncw
UCgixRIzsY8HUA07DIQdRiEA, SOCIAL, https://www.youtube.com/channel/UCgixRIzsY8HUA07DIQdRiEA
UCLQMcx8AvbsEg3JvM6JP6Cg, mekekeee, https://www.youtube.com/channel/UCLQMcx8AvbsEg3JvM6JP6Cg
UChubZoNrdX9D0z2oOhsr2AA, Analog Advisory, https://www.youtube.com/channel/UChubZoNrdX9D0z2oOhsr2AA
UCibJG7-_CR2eAblU8ZL02qw, Liquid Youth, https://www.youtube.com/channel/UCibJG7-_CR2eAblU8ZL02qw
UCkbqFIIJ_flUeKIbL5ZxwCg, Future Funk, https://www.youtube.com/channel/UCkbqFIIJ_flUeKIbL5ZxwCg
UCoJiU4a6vZ2uA1uWfKcGPrg, NovaFuture Blog, https://www.youtube.com/c/NovaFutureBlog
UCA0vBiBq_HNx1iBiW3kxogQ, RAVE SYNDICATE, https://www.youtube.com/c/RAVESYNDICATE
UC4A2jJEx5BUYJ544pp5U6rw, Poncho Nightfolder, https://www.youtube.com/channel/UC4A2jJEx5BUYJ544pp5U6rw
UCpRvzLLQL5hWSpVaOHiIQEw, Givi Gelashvili, https://www.youtube.com/channel/UCpRvzLLQL5hWSpVaOHiIQEw
UCneKstEgoDowOJsDmUbG7uw, Bassness Music, https://www.youtube.com/channel/UCneKstEgoDowOJsDmUbG7uw
UCa1Q2ic8wDlT1WH7LSO_4Sg, Eton Messy, https://www.youtube.com/channel/UCa1Q2ic8wDlT1WH7LSO_4Sg
UCevke-h9p1F37_3YAuXrqnA, Deep House Amsterdam, https://www.youtube.com/channel/UCevke-h9p1F37_3YAuXrqnA
UC9yVQsAIscKOQcIZ2hxS4bQ, Sekora, https://www.youtube.com/channel/UC9yVQsAIscKOQcIZ2hxS4bQ
UCmRtwX49R7_OsYsBCxp5yuA, LateNiteBass, https://www.youtube.com/channel/UCmRtwX49R7_OsYsBCxp5yuA
UChw9qhUv_dXczPkFQ922nFQ, Analogue Network, https://www.youtube.com/channel/UChw9qhUv_dXczPkFQ922nFQ
UChZfb4mLdmZ6Yb_ZYr3SSIQ, Martin Hall, https://www.youtube.com/channel/UChZfb4mLdmZ6Yb_ZYr3SSIQ
UC1oSmiY1bw7EZ_KghRxEQkQ, Fran Corao, https://www.youtube.com/channel/UC1oSmiY1bw7EZ_KghRxEQkQ
UC8E4-ZU70oK7dVWW5AEXFRg, Rob Ruiz, https://www.youtube.com/channel/UC8E4-ZU70oK7dVWW5AEXFRg
UCRBKv8Nwc026pWaMb-m4STg, maschinenbau, https://www.youtube.com/channel/UCRBKv8Nwc026pWaMb-m4STg
UCZxn5Z76oi9MqN1MAJDiNwg, sonictextures, https://www.youtube.com/channel/UCZxn5Z76oi9MqN1MAJDiNwg
UCCwobcsUAE8RWu3Ft6ocRlA, Spira Music, https://www.youtube.com/channel/UCCwobcsUAE8RWu3Ft6ocRlA
UC2iVmWDo5IXaEID4qvzn6CA, DreamermaN !tRiBuTeThEdJ's!, https://www.youtube.com/channel/UC2iVmWDo5IXaEID4qvzn6CA
UC_d4stqMLxBUU5bkw6Bnnpg, souledowntheriver, https://www.youtube.com/channel/UC_d4stqMLxBUU5bkw6Bnnpg
UCMqQP5RfEMScE2U5gveDztQ, Floating In Space, https://www.youtube.com/channel/UCMqQP5RfEMScE2U5gveDztQ
UCF30_1Dxupj75ut6TvqKfNQ, *DARK MATTER LEXICON*, https://www.youtube.com/channel/UCF30_1Dxupj75ut6TvqKfNQ
UCEW8V6kOEt6iaWcSY0q9aeQ, Bashed Groove, https://www.youtube.com/channel/UCEW8V6kOEt6iaWcSY0q9aeQ
UCQnM_7oU-_enmit6g6EUBVw, Ｈ Ｏ Ｎ Ｏ Ｌ Ｕ Ｌ Ｕ ♪, https://www.youtube.com/channel/UCQnM_7oU-_enmit6g6EUBVw
UCeEucP90o-oW7WEU6ooIdHg, h3lme, https://www.youtube.com/channel/UCeEucP90o-oW7WEU6ooIdHg
UCnZDjWyUph0jdEG8sT-HLdw, Ransom Note, https://www.youtube.com/channel/UCnZDjWyUph0jdEG8sT-HLdw
UCOKC0lHmOIgnn6RKQECFmPw, backinthedayjungle, https://www.youtube.com/channel/UCOKC0lHmOIgnn6RKQECFmPw
UCjGDRGP4_m7s6F-eplv6Hxg, Klubikon, https://www.youtube.com/channel/UCjGDRGP4_m7s6F-eplv6Hxg
UCUd_NlUON9ApwV8llL4gHtg, Wandering Endlessly, https://www.youtube.com/channel/UCUd_NlUON9ApwV8llL4gHtg
UC6xQwZHVyACaWwIDe8DKoeQ, Abandoned Tools, https://www.youtube.com/channel/UC6xQwZHVyACaWwIDe8DKoeQ
UCTifpJKXOsHE-dBZxIiixqQ, As Versatile, https://www.youtube.com/channel/UCTifpJKXOsHE-dBZxIiixqQ
UClrENn6CiT03pWNMxWgVPXw, Plastico Fino, https://www.youtube.com/channel/UClrENn6CiT03pWNMxWgVPXw
UCM7rP8jN4-IQ9Tu88gOH_Fw, Found it, https://www.youtube.com/channel/UCM7rP8jN4-IQ9Tu88gOH_Fw
UCQfAEtGYGNG-Fk4klgk0z0w, Nemanja Kezic, https://www.youtube.com/channel/UCQfAEtGYGNG-Fk4klgk0z0w
UCnM7ltulCzlVAomV3GaFLzw, records diet, https://www.youtube.com/channel/UCnM7ltulCzlVAomV3GaFLzw
UClUCW3qJTC9BBiV4Jq9ZVuQ, UNDERGROUND OFFICE, https://www.youtube.com/channel/UClUCW3qJTC9BBiV4Jq9ZVuQ
UCglYDP4J2usDOlMs4XsawtA, Downtempo Vibes, https://www.youtube.com/channel/UCglYDP4J2usDOlMs4XsawtA
UC1PtAfzqXQJGvGCEMAwT30Q, Cosmic Soundwaves, https://www.youtube.com/channel/UC1PtAfzqXQJGvGCEMAwT30Q
UCrFGIVV9sU7MOzJXdMzXIGg, 404 Music Channel, https://www.youtube.com/channel/UCrFGIVV9sU7MOzJXdMzXIGg
UC_pt_vTGlVwRM6d5HaHmyKw, Sonda, https://www.youtube.com/channel/UC_pt_vTGlVwRM6d5HaHmyKw
UCTT1nSmGB6p4ofJhpFe_Q4Q, Unic Records, https://www.youtube.com/channel/UCTT1nSmGB6p4ofJhpFe_Q4Q
UCFyg9ib0yQK_v6h9ipgIMIA, THUNDR, https://www.youtube.com/channel/UCFyg9ib0yQK_v6h9ipgIMIA
UCfXpxHJq-ymfwhuovz1KNGQ, Underground Vinyl Source, https://www.youtube.com/channel/UCfXpxHJq-ymfwhuovz1KNGQ
UCweRmfRMrIIOizEt_t5NcVw, Street Certified Records, https://www.youtube.com/channel/UCweRmfRMrIIOizEt_t5NcVw
UC5irEO6C_Gdnbm7hJIAMuDA, mau, https://www.youtube.com/channel/UC5irEO6C_Gdnbm7hJIAMuDA
UCI1dNGLBOsyCvgxqeZAbAXw, Ierdna 99, https://www.youtube.com/channel/UCI1dNGLBOsyCvgxqeZAbAXw
UCg9wYHUaPgmOxOECQ8mF3tA, Premiere TBX, https://www.youtube.com/channel/UCg9wYHUaPgmOxOECQ8mF3tA
UCUn7HEnB0cJ2g47O7yh6D3Q, thanksforloitering, https://www.youtube.com/channel/UCUn7HEnB0cJ2g47O7yh6D3Q
UCO4rb_ITr797mInAz3H3iBw, Guga Brodzeli, https://www.youtube.com/channel/UCO4rb_ITr797mInAz3H3iBw
UCDSYC8eW47rYIheZNJPP3dQ, [ MXQ ], https://www.youtube.com/channel/UCDSYC8eW47rYIheZNJPP3dQ
UCrWMyFvJMy3_aWoSmJgELcw, Had PGC, https://www.youtube.com/channel/UCrWMyFvJMy3_aWoSmJgELcw
UCfccQTkvLNL74-f7uPs0Cgg, Puls Romania, https://www.youtube.com/channel/UCfccQTkvLNL74-f7uPs0Cgg
UCqUi1zKIj3niQJFCrZvPtVw, miss nightwhore, https://www.youtube.com/channel/UCqUi1zKIj3niQJFCrZvPtVw
UCzA-R_yAItrql_KZQjHGrHw, DAYMOLITION, https://www.youtube.com/channel/UCzA-R_yAItrql_KZQjHGrHw
UCMFmpHLVP2N8qnNw7jyo0BQ, Messermachine, https://www.youtube.com/channel/UCMFmpHLVP2N8qnNw7jyo0BQ
UCjwo9m7EuwoAG19idHZDs8Q, PitchOn, https://www.youtube.com/channel/UCjwo9m7EuwoAG19idHZDs8Q
UCXo2In8ebIHPGBW4raEJtAQ, kurashvili, https://www.youtube.com/channel/UCXo2In8ebIHPGBW4raEJtAQ
UCitgRu53Tq4YKnBnEpyOrrQ, 151 Soundsystem, https://www.youtube.com/channel/UCitgRu53Tq4YKnBnEpyOrrQ
UCL7965K_u-qvnaBK4aQgySw, Arnaud Wolff, https://www.youtube.com/channel/UCL7965K_u-qvnaBK4aQgySw
UCoV9lvmNSEf8G_erT8I_K8Q, GREAT PANTY2, https://www.youtube.com/channel/UCoV9lvmNSEf8G_erT8I_K8Q
UCkwbZOk-jw2uIfiRUE5v--w, Save Techno, https://www.youtube.com/channel/UCkwbZOk-jw2uIfiRUE5v--w
UCkeJqeBQOwpN3MsomDAKy1g, EMH Music, https://www.youtube.com/channel/UCkeJqeBQOwpN3MsomDAKy1g
UCdTsdOtZj__E7dOGoP7dK8g, Progstylez, https://www.youtube.com/channel/UCdTsdOtZj__E7dOGoP7dK8g
UCx6CEE9QHbHxisoxSWmjJUg, BANG THE HOUSE, https://www.youtube.com/channel/UCx6CEE9QHbHxisoxSWmjJUg
UCiFj8QNhvvV-JaSYN94T15w, MicolEtta Revere, https://www.youtube.com/channel/UCiFj8QNhvvV-JaSYN94T15w
UCOlpBEEnB4l5eWJeo6Z-Ipg, Tajak, https://www.youtube.com/channel/UCOlpBEEnB4l5eWJeo6Z-Ipg
UChoe1kenG0qLV0p8DZBbSVA, Pinda Traxx, https://www.youtube.com/channel/UChoe1kenG0qLV0p8DZBbSVA
UCh8qE4RrSs3S-NmyFuKYybg, TrancemosphereBS, https://www.youtube.com/channel/UCh8qE4RrSs3S-NmyFuKYybg
UCtKNrpbxg_iV2odhn1vM6Xw, hoho hohi, https://www.youtube.com/channel/UCtKNrpbxg_iV2odhn1vM6Xw
UC41Owmnn9xs-7wjIQn1orBg, diskevich, https://www.youtube.com/channel/UC41Owmnn9xs-7wjIQn1orBg
UCv0Ufd_Af9VBEi6xoW6ZTfw, VNRD, https://www.youtube.com/channel/UCv0Ufd_Af9VBEi6xoW6ZTfw
UCYMuMhIWjl817Bef9S65KhA, dejanprogtrens, https://www.youtube.com/channel/UCYMuMhIWjl817Bef9S65KhA
UCVLebccByn-Hr5NrXbHM6CQ, Le Polyson, https://www.youtube.com/channel/UCVLebccByn-Hr5NrXbHM6CQ
UCKvCGuur4JFEgScY-81Ph0Q, I AM ME, https://www.youtube.com/channel/UCKvCGuur4JFEgScY-81Ph0Q
UCHQs2gBIRQ0oLRHhSV5Jrig, House Nest, https://www.youtube.com/channel/UCHQs2gBIRQ0oLRHhSV5Jrig
UCCfmUX1OoQVmqalSft-O5BA, Sieben, https://www.youtube.com/channel/UCCfmUX1OoQVmqalSft-O5BA
UCzxogHW8GLn5W5AYbPmQJOg, Brutalist Empire, https://www.youtube.com/channel/UCzxogHW8GLn5W5AYbPmQJOg
UC2yioa0Q_ktxAyG5AHZGa4w, deep injection., https://www.youtube.com/channel/UC2yioa0Q_ktxAyG5AHZGa4w
UC5icDxbUYKqR2ot7OcD-ubQ, The Cooper Collection, https://www.youtube.com/channel/UC5icDxbUYKqR2ot7OcD-ubQ
UC6ezNPiJmaaAOD3l-dlqtIg, Knights Ofspuc, https://www.youtube.com/channel/UC6ezNPiJmaaAOD3l-dlqtIg
UCW0MfWJVJh_eCUi-9FV1Phw, Dizko Floor, https://www.youtube.com/channel/UCW0MfWJVJh_eCUi-9FV1Phw
UCPDILkId0HJTU9A82ItZn2A, X-Dream, https://www.youtube.com/channel/UCPDILkId0HJTU9A82ItZn2A
UCgZn1e9AK2GMFFL5pqxqPYg, AlexDaftPunk91, https://www.youtube.com/channel/UCgZn1e9AK2GMFFL5pqxqPYg
UCh780tXKV4HUqrIHiMz37Pw, OLDSKOOL 88 94, https://www.youtube.com/channel/UCh780tXKV4HUqrIHiMz37Pw
UCygzjdPR6EZ7luNBHM5ksjA, MRDanceHouseRare, https://www.youtube.com/channel/UCygzjdPR6EZ7luNBHM5ksjA
UCB6WUoQ-2im9Xhg9-24NtMA, ILoveHouseMusicTV, https://www.youtube.com/channel/UCB6WUoQ-2im9Xhg9-24NtMA
UC4aqYHn-WNSl49LJM3rg8iA, skylineag4u2nv, https://www.youtube.com/channel/UC4aqYHn-WNSl49LJM3rg8iA
UCHL-z_q8_MLvWcGn-fryG4w, Under The Radar, https://www.youtube.com/channel/UCHL-z_q8_MLvWcGn-fryG4w
UCXOjoTUDsfxsq2twUKIYhrw, Music For The People, https://www.youtube.com/channel/UCXOjoTUDsfxsq2twUKIYhrw
UCpQttkSFVS9cOLWnk4HoUxA, Aeon Shaker IV, https://www.youtube.com/channel/UCpQttkSFVS9cOLWnk4HoUxA
UCNrNdkZ3s3iNMjjj-mhm_fQ, MagnificientMusic, https://www.youtube.com/channel/UCNrNdkZ3s3iNMjjj-mhm_fQ
UCzJTD3y_fUW12JD7CiPs2XA, The History Of Acid House, https://www.youtube.com/channel/UCzJTD3y_fUW12JD7CiPs2XA
UC9Hk5OJdEXTTSgQMjLFsWng, TO CHN, https://www.youtube.com/channel/UC9Hk5OJdEXTTSgQMjLFsWng
UCdkNEKwEVe7om0Nrc3zppfw, no wrong tracks, https://www.youtube.com/channel/UCdkNEKwEVe7om0Nrc3zppfw
UCo-YN_uFlOeq5oYChcgCTsw, Ffarout, https://www.youtube.com/channel/UCo-YN_uFlOeq5oYChcgCTsw
UC4-pebQH4mL7Rx0QHoch3dQ, Ochr 1, https://www.youtube.com/channel/UC4-pebQH4mL7Rx0QHoch3dQ
UCS1RKsNJOf4PjM7rCTP7XIA, aquarianrealm, https://www.youtube.com/channel/UCS1RKsNJOf4PjM7rCTP7XIA
UCqC-vPeVtFcKZS9JcHfV6aw, Wave Pattern, https://www.youtube.com/channel/UCqC-vPeVtFcKZS9JcHfV6aw
UCAjiTdNXHH5Qw-Vr9j94uxQ, FUNKY UNKNOWN, https://www.youtube.com/channel/UCAjiTdNXHH5Qw-Vr9j94uxQ
UC7bgmu8M3OPbpSh-IVXAD7Q, Elva, https://www.youtube.com/channel/UC7bgmu8M3OPbpSh-IVXAD7Q
UC2kIc6lXD31dOPHn1bN74Kg, Techer, https://www.youtube.com/channel/UC2kIc6lXD31dOPHn1bN74Kg
UCeRBUvj_-_68aLxO2WAFfWg, DeepSoundSupply, https://www.youtube.com/channel/UCeRBUvj_-_68aLxO2WAFfWg
UCJZPI_DfgvrS09X73K1MOZA, Petra Kotrona, https://www.youtube.com/channel/UCJZPI_DfgvrS09X73K1MOZA
UCpxfsC1CGbRDJ4jorDtqULw, bigsmog, https://www.youtube.com/channel/UCpxfsC1CGbRDJ4jorDtqULw
UCNLM5l3C_mSusYUYLq5g0Fw, Between Dimensions, https://www.youtube.com/channel/UCNLM5l3C_mSusYUYLq5g0Fw
UCiBaG-D7CVjI-jSIa3fjsYQ, Krass!, https://www.youtube.com/channel/UCiBaG-D7CVjI-jSIa3fjsYQ
UCHJCZ2QUD-WAJTGikMs9B4Q, DLoaw, https://www.youtube.com/channel/UCHJCZ2QUD-WAJTGikMs9B4Q
UCN4BoFTD9YncU-NpJr8YyBw, HHVIBE, https://www.youtube.com/channel/UCN4BoFTD9YncU-NpJr8YyBw
UCSYOYTKHAAGPfGQYQm8bakQ, Konectt, https://www.youtube.com/channel/UCSYOYTKHAAGPfGQYQm8bakQ
UCCvNhauN2KQo83EisyQE1XA, RAGGA BOMBS, https://www.youtube.com/channel/UCCvNhauN2KQo83EisyQE1XA
UCWcTj_F2rUgfyMncqoI_efw, -k.fm-, https://www.youtube.com/channel/UCWcTj_F2rUgfyMncqoI_efw
UCJ-IRkRfFXrzmkyxZ7hEgcA, When We Dip, https://www.youtube.com/channel/UCJ-IRkRfFXrzmkyxZ7hEgcA
UCBG4i92lRPljHtffjD0fyqw, Murf Woram, https://www.youtube.com/channel/UCBG4i92lRPljHtffjD0fyqw
UCtF03Z2tZ3SDdWDhRqkB47w, whypeopledance,  https://www.youtube.com/channel/UCtF03Z2tZ3SDdWDhRqkB47w
UCnqzOvpU14Abvmfjr9wH2gA, The Machines Will Win, https://www.youtube.com/channel/UCnqzOvpU14Abvmfjr9wH2gA
UCjOb3T07qTZy0T7726cl6bQ, Tek_no stop, https://www.youtube.com/channel/UCjOb3T07qTZy0T7726cl6bQ
UCz27K_YRbqL-hFW1G6-lbLA, Metroid Vibes, https://www.youtube.com/channel/UCz27K_YRbqL-hFW1G6-lbLA
UCjE9ZtzIAMX90bW-fqvtxlw, onlyraretracks, https://www.youtube.com/channel/UCjE9ZtzIAMX90bW-fqvtxlw
UCSPWqz8IyDrfyDlYXCPBSnw, Ogurecsound, https://www.youtube.com/channel/UCSPWqz8IyDrfyDlYXCPBSnw
UCMIZSbYWOQMPX81pqKV-Opg, Supermarkt, https://www.youtube.com/channel/UCMIZSbYWOQMPX81pqKV-Opg
UCEfZoAshpTmnRjg53B13--A, some uncertain sir, https://www.youtube.com/c/someuncertainsir
UCeDBeaK61BNKJb4R4zta1Gw, ClasicTunes, https://www.youtube.com/channel/UCeDBeaK61BNKJb4R4zta1Gw
UCpy6lM3C4S_OQ9KhrRvKofw, 30.48 Wax, https://www.youtube.com/channel/UCpy6lM3C4S_OQ9KhrRvKofw
UCV5gMoNQ6M5jo3VqJ6MH5Tg, vinylandry, https://www.youtube.com/channel/UCV5gMoNQ6M5jo3VqJ6MH5Tg
UCBs30MWSTi7swHRP6h1O19A, beatific, https://www.youtube.com/channel/UCBs30MWSTi7swHRP6h1O19A
UCE9a7Uvp3NvEj4QN1e4fG4A, Novaj 新しDubvision, https://www.youtube.com/channel/UCE9a7Uvp3NvEj4QN1e4fG4A
UCUSZCzayZXQ83BBDl2qMByQ, Bazzia, https://www.youtube.com/channel/UCUSZCzayZXQ83BBDl2qMByQ
UCZ9UqcB5kD_fj6NDvyxrwBA, CraazyTimes & Cloud8, https://www.youtube.com/channel/UCZ9UqcB5kD_fj6NDvyxrwBA
UCDzX4WjqhFedlkqcR3ox9XQ, Sub Anonimat, https://www.youtube.com/channel/UCDzX4WjqhFedlkqcR3ox9XQ
UC4zfJ32xdMaP6XqBEbqsCGA, adrian cojocaru,https://www.youtube.com/channel/UC4zfJ32xdMaP6XqBEbqsCGA
UCId2ISvnym2WuUvUb0iVZYw, tekslave, https://www.youtube.com/channel/UCId2ISvnym2WuUvUb0iVZYw
UCGstg6mQykZ_Uddc7sWTaTg, Blind_Digger,thttps://www.youtube.com/channel/UCGstg6mQykZ_Uddc7sWTaTg
UCdyWmkL9R6fZqBUw01LftNg, YouTob, https://www.youtube.com/channel/UCdyWmkL9R6fZqBUw01LftNg
UCASOhtMiuwZYDAr38n2oUBw, Vitamine, https://www.youtube.com/channel/UCASOhtMiuwZYDAr38n2oUBw
UCrgSrKO2ZUYJCirOP9bzDQg, Maslow Unknown, https://www.youtube.com/channel/UCrgSrKO2ZUYJCirOP9bzDQg
UCii5_lRqs_IClpIlTg26Hzg, Rhythm Section International Discography, https://www.youtube.com/channel/UCii5_lRqs_IClpIlTg26Hzg
UCYjRPLpfeBch6uHIuHdUCyw, Unce, https://www.youtube.com/channel/UCYjRPLpfeBch6uHIuHdUCyw
UCfamygZdRrn-hKcIIhl2DIg, paranoid, https://www.youtube.com/channel/UCfamygZdRrn-hKcIIhl2DIg
UCM9KEEuzacwVlkt9JfJad7g, Chill Nation, https://www.youtube.com/channel/UCM9KEEuzacwVlkt9JfJad7g
UCSk3R88lfhpDQgEgtx2mt4g, Not Reflective Records, https://www.youtube.com/channel/UCSk3R88lfhpDQgEgtx2mt4g
UC-_hxqzS47OvGMt_RxAW11A, House Habits, https://www.youtube.com/channel/UC-_hxqzS47OvGMt_RxAW11A
UCTQE9lAoWU1Ab8OMY16UjUQ, The Wantlist, https://www.youtube.com/channel/UCTQE9lAoWU1Ab8OMY16UjUQ
UCTcibhp6ZoZ-7NYdYc-zjFQ, Merov', https://www.youtube.com/channel/UCTcibhp6ZoZ-7NYdYc-zjFQ
UC_c9RVDAg-fSwNvc8EcCcPg, HULA-HOP TRAX, https://www.youtube.com/channel/UC_c9RVDAg-fSwNvc8EcCcPg
UCJ7PEgMOJLBLGPJWY1PiwnQ, Dubstard, https://www.youtube.com/channel/UCJ7PEgMOJLBLGPJWY1PiwnQ
UCi0VaoauYYlaAcpuOd7q1Vw, FreedomOfSpeed, https://www.youtube.com/channel/UCi0VaoauYYlaAcpuOd7q1Vw
UCe6oMZVDREi-bHCG7eeGUrQ, NuggetsLibrary, https://www.youtube.com/channel/UCe6oMZVDREi-bHCG7eeGUrQ
UCLUrnfGvLY-J7sjqJ6ntmzA, Formaviva, https://www.youtube.com/channel/UCLUrnfGvLY-J7sjqJ6ntmzA
UCxWwNFX4X4BcxCTkY7duooQ, Meedhouse, https://www.youtube.com/channel/UCxWwNFX4X4BcxCTkY7duooQ
UCO3GgqahVfFg0w9LY2CBiFQ, SubSoul, https://www.youtube.com/channel/UCO3GgqahVfFg0w9LY2CBiFQ
UC0885e8gcENIw-tgWcMRDdA, Deeppa Music, https://www.youtube.com/channel/UC0885e8gcENIw-tgWcMRDdA
UCzbs0b0PdSn2sBzLeiZU5EQ, NElNSHlT, https://www.youtube.com/channel/UCzbs0b0PdSn2sBzLeiZU5EQ
UCuwIL832Lr1JwSL-Nm3gkVQ, Come Meditate, https://www.youtube.com/channel/UCuwIL832Lr1JwSL-Nm3gkVQ
UC_wxrJrHwUhSaXZxRHL9npg, mfpele, https://www.youtube.com/channel/UC_wxrJrHwUhSaXZxRHL9npg
UC7AM6lHF_qX4YU6qFZ64ESQ, The DJJade, https://www.youtube.com/channel/UC7AM6lHF_qX4YU6qFZ64ESQ
UCXCm2kopCvjmGGCEN3VyQTA, Kegz, https://www.youtube.com/channel/UCXCm2kopCvjmGGCEN3VyQTA
UCh9rC97zOc8XoWQCQwL5N3A, Tekno Dimension, https://www.youtube.com/channel/UCh9rC97zOc8XoWQCQwL5N3A
UCfZaKaaD5CNN1zm5JfDt53A, theuppermostinlife, https://www.youtube.com/channel/UCfZaKaaD5CNN1zm5JfDt53A
UC8DNaSgcnPOomYK3CeHi8BQ, microminimalism, https://www.youtube.com/channel/UC8DNaSgcnPOomYK3CeHi8BQ
UC7t3crQwaLij5pULT1rBSBQ, Rayzeh, https://www.youtube.com/channel/UC7t3crQwaLij5pULT1rBSBQ
UCH3zNc3XrCXEgeTZKtJL8iA, J'AIME TRANCE, https://www.youtube.com/channel/UCH3zNc3XrCXEgeTZKtJL8iA
UC1hNvy0OoIB9oEQSgTt-bbQ, City Breakz, https://www.youtube.com/c/CityBreakz
UCKCBJqJ5FDsFtJpYdwwcsHA, lasha Mikaia, https://www.youtube.com/channel/UCKCBJqJ5FDsFtJpYdwwcsHA
UC7qm9wqnUZ4bssEdD_c4CSA, TheDjJade, https://youtube.com/c/TheDjJade
UCca7fXARb_MQwdl0P1XiTuA, Stereofox, https://www.youtube.com/channel/UCca7fXARb_MQwdl0P1XiTuA
UCR2XQYvNR0zA3FOyFYgZL8g, Slav's House Library, https://www.youtube.com/channel/UCR2XQYvNR0zA3FOyFYgZL8g
UCipDE_mjN4NkvKTgYJCtyuw, Lotus Beats, https://www.youtube.com/channel/UCipDE_mjN4NkvKTgYJCtyuw
UCwmjpJa-uUwbUupS7zv0kSg, Jan W. Excellum Trance, https://www.youtube.com/channel/UCwmjpJa-uUwbUupS7zv0kSg
UCL07qYXJaVR8FTCREwEv3XA, The Rave Music Archive, https://www.youtube.com/channel/UCL07qYXJaVR8FTCREwEv3XA
UC5X3IjeKkVA0q2Xtw_G8SzQ, House Master Flash, https://www.youtube.com/channel/UC5X3IjeKkVA0q2Xtw_G8SzQ
UCshvjciefmwEOKBVu2O5mzg, NO RED THREAD, https://www.youtube.com/channel/UCshvjciefmwEOKBVu2O5mzg
UCTWq0nd64f-hZt7cW7Fc6NQ, TheGrooveLab, https://www.youtube.com/channel/UCTWq0nd64f-hZt7cW7Fc6NQ
UCdYXe2qaDrSVq4wgwC-gNmQ, 2020Vision, https://www.youtube.com/channel/UCdYXe2qaDrSVq4wgwC-gNmQ
UC6sX0kMs8Qh-cGemz4U2Vpg, siberian ambience, https://www.youtube.com/channel/UC6sX0kMs8Qh-cGemz4U2Vpg
UCNWts7E1I-r6lybX6w5PcfQ, Onda De Amor, https://www.youtube.com/channel/UCNWts7E1I-r6lybX6w5PcfQ
UCSvxbdI4Ixj_KC2o41NAmZQ, morfeus Opus, https://www.youtube.com/channel/UCSvxbdI4Ixj_KC2o41NAmZQ
UCDgvC9WXHJFaGVMcgoPGDPw, StilleRuhe, https://www.youtube.com/channel/UCDgvC9WXHJFaGVMcgoPGDPw
UC2uPj6M0yyqsbpyxcteMSHQ, sissinaelettronica, https://www.youtube.com/channel/UC2uPj6M0yyqsbpyxcteMSHQ
UCUof7HW-kn6OjO0xBGFJXfw, DAZATION, https://www.youtube.com/channel/UCUof7HW-kn6OjO0xBGFJXfw
UCXNEYSQgVBxWo_f4uGw1YiQ, Suttcliffe, https://www.youtube.com/channel/UCXNEYSQgVBxWo_f4uGw1YiQ
UCfNf1na-qn-OSqPeoAbtczA, soundBots, https://www.youtube.com/channel/UCfNf1na-qn-OSqPeoAbtczA
UC-lZjavMGuDdmouC1jqN04Q, amplifyyourfriends, https://www.youtube.com/channel/UC-lZjavMGuDdmouC1jqN04Q
UCXC-t83weBjJU3zueNbypww, NAUTA, https://www.youtube.com/channel/UCXC-t83weBjJU3zueNbypww
UCpwS8sQqDhPX05n7T8STkiw, Handpicked Music, https://www.youtube.com/channel/UCpwS8sQqDhPX05n7T8STkiw
UC3BFTvsH_rCKpa16Erlqnvg, Windy Music, https://www.youtube.com/channel/UC3BFTvsH_rCKpa16Erlqnvg
UCJcKwhO_kBJUd_0R6b1wjAA, SYNRG Records, https://www.youtube.com/channel/UCJcKwhO_kBJUd_0R6b1wjAA
UCHXn11jLZq7DfS8UwYgJ0cw, House Music 572, https://www.youtube.com/c/HouseMusic572ZA
UCqr54g_72w9UCg2NbCR6H-A, DoubleTrouble, https://www.youtube.com/c/DoubleTroubleYC
UCYG1nLEhPyIXd9vf8nU2BMg, rabbithole, https://www.youtube.com/c/rabbitholefm
UCr9-6FvBSV9Uxag5ImLZpng, Johnny Ranks, https://www.youtube.com/c/JohnnyRanks01
UC6GFpVFhppCyI_y2kveBB0Q, DFECT d'n'b, https://www.youtube.com/c/DFECTdnb
UCN1mNvafGjz0Clv49kGdwBg, Philippe Duhoux, https://www.youtube.com/channel/UCN1mNvafGjz0Clv49kGdwBg
UCJ2uDO0bbgn2W8ojyg8DNRQ, COSMIC VISION, https://www.youtube.com/channel/UCJ2uDO0bbgn2W8ojyg8DNRQ
UCk9qgOmt2esJxIlAYpm7M7g, Wild Patterns, https://www.youtube.com/channel/UCk9qgOmt2esJxIlAYpm7M7g
UC84legsau2ohNphs5-kquTA, Bambatta Music_Radio, https://www.youtube.com/channel/UC84legsau2ohNphs5-kquTA
UCagfmEZ5UvKdepj61a1iqHA, IndiETrap, https://www.youtube.com/channel/UCagfmEZ5UvKdepj61a1iqHA
UCjLuIEgUhcZixeW5okB5_KQ, Apelislin Music, https://www.youtube.com/c/ApelislinMusicc
UCWy3B2axM6AWEezugOiq8bA, Cefan's sound, https://www.youtube.com/channel/UCWy3B2axM6AWEezugOiq8bA
UCPbzEbqiUgzR9dDpmtBbC5A, Suprematic Sounds, https://www.youtube.com/c/SuprematicSounds
UC5Z010wx1Yy_sQA6wNji93w, Melbourne Beats, https://www.youtube.com/channel/UC5Z010wx1Yy_sQA6wNji93w
UCb4XH3v5SKMQXJWL_lAiUbg, beatsolow, https://www.youtube.com/channel/UCb4XH3v5SKMQXJWL_lAiUbg
UCxT-uvIzsMlvGXDQu0omuhQ, Fern, https://www.youtube.com/channel/UCxT-uvIzsMlvGXDQu0omuhQ
UCtTly50qDGxwwcNw3u0sx3Q, Dito Korkelia, https://www.youtube.com/channel/UCtTly50qDGxwwcNw3u0sx3Q
UC-tzG7z4619UJIANeyYWXDg, Pasti's Library, https://www.youtube.com/channel/UC-tzG7z4619UJIANeyYWXDg
UCCXCgbZcT7rjU0vS0POSWIQ, Skankandbass, https://www.youtube.com/c/SkankandbassUK
UCwQDPTmdgWH4vHYgiaTrF6g, HARD VISION, https://www.youtube.com/channel/UCwQDPTmdgWH4vHYgiaTrF6g
UC0n9yiP-AD2DpuuYCDwlNxQ, Tasty, https://www.youtube.com/channel/UC0n9yiP-AD2DpuuYCDwlNxQ
UC6murUWtqOwnTL68pwjoGjQ, EuphoricHardStyleZ , https://www.youtube.com/user/EuphoricHardStyleZ
UCBuN7YIHjB40uXezntguDfQ, ConnecteD {Hard Dance Music}, https://www.youtube.com/channel/UCBuN7YIHjB40uXezntguDfQ
UCBOQta0mgFd7a9Ss3CYbXAA, The Legendary Uploadzz, https://www.youtube.com/c/TheLegendaryUploadzz
UChx-Ur_lk_FEKbLVXB1qY4A, Lonho Archive, https://www.youtube.com/channel/UChx-Ur_lk_FEKbLVXB1qY4A
UCpbUk-JNiMLRLMatmYTzCvw, DistrictBass, https://www.youtube.com/c/DistrictBass
UCaYVQjRraOa1Wyou0zgYLSg, Inspector Dubplate, https://www.youtube.com/user/InspectorDubplate
UCcWIRgvhT34ifAZw_vsJlYw, OURGRND, https://www.youtube.com/channel/UCcWIRgvhT34ifAZw_vsJlYw
UCMaoxh46hAsqlaVk2HcZkcg, Drum&BassArena , https://www.youtube.com/officialdnbtv
UC-2RdmOxUZLZFVPRe6oQ1oQ, SpinTwistRecords, https://www.youtube.com/channel/UC-2RdmOxUZLZFVPRe6oQ1oQ
UCwLfqpBBzJ0PIoJ59n9FcmA, Progressive Trance Lovers, https://www.youtube.com/c/ProgressiveTranceLovers
UCSBleSpMhDv7CCkzaD2SU_g, Phone Sex, https://www.youtube.com/channel/UCSBleSpMhDv7CCkzaD2SU_g
UCJZyzswtea35bY7CamQPP9Q, Never Be Normal, https://www.youtube.com/channel/UCJZyzswtea35bY7CamQPP9Q
UCp2zwDsUFHqdxN4S2IVHIjQ, Dark Techno Army, https://www.youtube.com/channel/UCp2zwDsUFHqdxN4S2IVHIjQ
UCA_ciEAIe5hjq8lSBHVebig, Solid Grooves RAW, https://www.youtube.com/channel/UCA_ciEAIe5hjq8lSBHVebig
UCUawlQ2_sMFiUCY0wxc4N_A, VeryHouseMusic, https://www.youtube.com/channel/UCUawlQ2_sMFiUCY0wxc4N_A
UC6m3MkiLC0ZXlpWqOmWcjRw, Disco Athletico, https://www.youtube.com/channel/UC6m3MkiLC0ZXlpWqOmWcjRw
UCiUr4ufSN3XbYzfmUwhRSSA, Floorquake, https://www.youtube.com/channel/UCiUr4ufSN3XbYzfmUwhRSSA
UC28cT-zIDZHPsmyjbsVskVA, Jean-Jacques Benson, https://www.youtube.com/channel/UC28cT-zIDZHPsmyjbsVskVA
UC9iKckwtBnUf5DkWdmKEKfQ, A Mixed Drink Underground, https://www.youtube.com/channel/UC9iKckwtBnUf5DkWdmKEKfQ
UClkWnHYVkRIgMIrW_M4m8Dg, Sixties Garage Punk, https://www.youtube.com/channel/UClkWnHYVkRIgMIrW_M4m8Dg
UC_ODKC5gTs2LvdHXDRdDm0w, Music On, https://www.youtube.com/channel/UC_ODKC5gTs2LvdHXDRdDm0w
UC1YGaOkvL3k6kIIlLk9RIJQ, Hypnotape, https://www.youtube.com/channel/UC1YGaOkvL3k6kIIlLk9RIJQ
UCRHyizKnUm2dWx-yTnNgYvw, Track ID Soundsystem, https://www.youtube.com/channel/UCRHyizKnUm2dWx-yTnNgYvw
UC4i0svuuLdS_5QJwiJ5r1SQ, Progressive Summit, https://www.youtube.com/channel/UC4i0svuuLdS_5QJwiJ5r1SQ
UCJnIY90jZpk6TVQcCkAJTEQ, Inside Rhythm, https://www.youtube.com/channel/UCJnIY90jZpk6TVQcCkAJTEQ
UCE_KjzyDk6upIzIlcBMVgzQ, Basilisk Bass, https://www.youtube.com/channel/UCE_KjzyDk6upIzIlcBMVgzQ
UCXaEiRCfkeVx0UMICVtnI8g, Deep Real, https://www.youtube.com/channel/UCXaEiRCfkeVx0UMICVtnI8g
UC4TA4Rdj4kD9P7KJpl4kYDw, Frog Dog, https://www.youtube.com/channel/UC4TA4Rdj4kD9P7KJpl4kYDw
UC1aQTlJ1iP1fN1gOz2HF3Zw, Hot Grooves, https://www.youtube.com/channel/UC1aQTlJ1iP1fN1gOz2HF3Zw
UCFWIeUfohy3PDDHImCqQTrQ, Camber Sounds, https://www.youtube.com/channel/UCFWIeUfohy3PDDHImCqQTrQ
UCi5T491HXcV1bTonvlRDBuQ, PROFOUND, https://www.youtube.com/channel/UCi5T491HXcV1bTonvlRDBuQ
UCpDwheBgHeNO-cvBkRlnfHw, Spiritdancer, https://www.youtube.com/channel/UCpDwheBgHeNO-cvBkRlnfHw
UCW-4R5JpPSdncG20SI8TqTA, OBSCURE, https://www.youtube.com/channel/UCW-4R5JpPSdncG20SI8TqTA
UCcxjx39HwApa2cm9zQLf2yg, explor9806, https://www.youtube.com/channel/UCcxjx39HwApa2cm9zQLf2yg
UCCtq8S2XnTg5n3ommXnu4_Q, RoHabit, https://www.youtube.com/channel/UCCtq8S2XnTg5n3ommXnu4_Q
UCd7195kQyz2xIQhErPEBGqg, Halcyon The Shop, https://www.youtube.com/channel/UCd7195kQyz2xIQhErPEBGqg
UC4ZPqbs6uFtVH0_QcViCHqQ, localhost, https://www.youtube.com/channel/UC4ZPqbs6uFtVH0_QcViCHqQ
UCdFRMrUoKdlNjeqZTVys-Qw, Felizmente, https://www.youtube.com/@felizmente4067
UCMmTZ9AtEP3S02W0LaRxZcQ, TheMrBreeder, https://www.youtube.com/channel/UCMmTZ9AtEP3S02W0LaRxZcQ
UC9rTHSb95f3UZIDGKP-_wUA, skunk-e-1, https://www.youtube.com/channel/UC9rTHSb95f3UZIDGKP-_wUA
UCosQyNhf_X94O03B-q69jug, Optimustep, https://www.youtube.com/channel/UCosQyNhf_X94O03B-q69jug
UC5pd88YnzC6H_8oDrTE1M-Q, DeepWaveMusic, https://www.youtube.com/channel/UC5pd88YnzC6H_8oDrTE1M-Q
UCoZiuJsWBUUV-F2rjCyRpHA, GedzGedz Records, https://www.youtube.com/channel/UCoZiuJsWBUUV-F2rjCyRpHA
UCL19cD96Z3BtAX5SoMMeemw, TechnoZone, https://www.youtube.com/@techno-zone
UCoAR3f24CpkTPfTkt9eEhCA, Volumo, https://www.youtube.com/@volumomusic
UC3QTSNzLqmXfwP0dUpU2frA, The Last Christian Anon, https://www.youtube.com/@MakeItHappen9
UC2cuALzl505RYeIfFPK4pPg, P4Kid3RM, https://www.youtube.com/@P4Kid3RM
UC-mUQedlaazRzM3U2q3rFUA, Let there be House, https://www.youtube.com/channel/UC-mUQedlaazRzM3U2q3rFUA
UCkes-YBCO1bV_QjhcG_7S2g, AlbeTek, https://www.youtube.com/channel/UCkes-YBCO1bV_QjhcG_7S2g
UCXG7d6W8ywXTd6WQBRoDJvA, Chill Soul and Space, https://www.youtube.com/@chillsoulandspace9060
UCv6wErL0cMWyRjFBYwqN5kw, Apivore, https://www.youtube.com/@apivore
UCg_LDlLPgdzJar4jH0hmw1w, Alberto MH, https://www.youtube.com/@albertomh6436
UCxEjo2DztMUe487ZXnevNsA, DeepZone, https://www.youtube.com/@deepzoneru
UCWEJZZjKpvhjMbKjZUEIAeA, Garage House TV, https://www.youtube.com/@garagehousetv
UCfeIQ46zajtfRuGVqE8ZDyQ, bluntboy, https://www.youtube.com/@bluntboy7083
UCD5R6Wjls47QnR2OBJ742lg, Heavy Skin, https://www.youtube.com/@heavyskin
UC8iKuXohBjn20Pn2lgBfC4Q, Metaforique Radio, https://www.youtube.com/@metaforique_radio
UCPSbvCCtL8sKw6ou-ml7HHA, Hallucinogen, https://www.youtube.com/@hallucinogen1202
UCIi0D1DvxGh-g4bm0vc2DoA, Musical Wastelands, https://www.youtube.com/@numnuts2009
UCdKiQq3EF6Vd6HYgfe6un-A, sonicmartingale, https://www.youtube.com/@sonicmartingale1713
UCJ95_l8nUU42bCOAAe9jKYA, hanksiedonny, https://www.youtube.com/@hanksiedonny
UCYTKkU3OMJ9aXG2w15M7EpQ, extrafan, https://www.youtube.com/@extrafan
UCzVLoYIP38Y-yuJG0OXTmEQ, AgnosticRhythm, https://www.youtube.com/@AgnosticRhythm
UCdcJ5fWasFdTD0Wml1LKKVw, LA Kistoc, https://www.youtube.com/@lakistoc
UClD0ybAveASPVSkTqV3x_nA, Ipomea, https://www.youtube.com/@ipomea2662
UC23oAF7cZWw1pjkwz4f62lw, Housepedia Music, https://www.youtube.com/@HousepediaMusic
UCoVTIYlXPcm15lq8OeP_W3A, Recordeep, https://www.youtube.com/@recordeep2877
UCqvj00lFZLdAw6lMtCmXcpQ, SlimLine House, https://www.youtube.com/@slimlinehouse
UCiFiyFhQCGKcCqndzVHoCTA, Le Coin Perdu, https://www.youtube.com/@lecoinperdu3098
UCeawUSA_8wP5aJtlR2rbHgQ, EARWAXX, https://www.youtube.com/@earwaxx
UCZ-IRNvpmsiJmjar5V5Ksew, SWL 2TON, https://www.youtube.com/@SWL2TON
UCvUgdUYpn22E12OPvMLhhJw, SadVibe 美しい, https://www.youtube.com/channel/UCvUgdUYpn22E12OPvMLhhJw
UCuWHJIylPTp_YMKzm7wG4wA, LostTranceTunes, https://www.youtube.com/@LostTranceTunes
UCK7DAoQDc1XVT_UwdVi_zdA, feygun, https://www.youtube.com/@feygun
UCBYxQG5MrupbHf24sxLYksQ, DykksiTek, https://www.youtube.com/@dykksitek72
UCmezV9ultue--YEFK8efziQ, Techno Cartel, https://www.youtube.com/@TechnoCartel
UC-v-aqLx-6BfhXpObe-A7Tg, skambas, https://www.youtube.com/@skambas
UCTFTx1ymiIaUJMrS3Ub3WWQ, risolee, https://www.youtube.com/@risolee
